10.625
10.75
10.5
10.5
10.4375
10.5
10.5
10.375
10.375
10.25
10.5
10.5
10.5
10.375
10.5
10.375
10.4375
10.375
10.5
10.625
10.5
10.5
10.875
10.625
10.625
10.75
10.75
10.8125
10.75
10.5
10.875
10.625
10.625
10.625
10.625
10.5625
10.5
10.625
10.5
10.375
10.375
10.5
10.375
10.5
10.5
10.375
10.375
10.25
10.25
10.5
10.25
10.25
10.5
10.25
10.125
10.125
10
9.875
9.875
9.875
9.75
9.75
9.625
10
9.75
9.75
9.625
9.625
9.5
9.375
9.375
9.375
9.375
9.375
9.625
9.25
9.25
9.375
9.5
9.375
9.375
9.375
9.75
9.5
9.5
9.5
9.375
9.375
9.625
9.5
9.5
9.5
9.3125
9.5
9.4375
9.5625
9.625
9.375
9.25
9.375
9.25
9.3125
9.25
9.25
9.25
9.0625
9.125
9.125
9.125
9
8.9375
8.9375
8.625
8.5
8.5
8.125
8
8.125
8.0625
8.25
8
8.125
8
8
8.5625
8.25
8.5
8.375
8.125
8.3125
8.625
8.125
8.75
8.625
8.375
8.875
9.75
10.25
10.375
9.75
9.25
9.5
9.375
10.375
10.375
9.75
10.25
9.75
10.25
9.75
9.75
9.875
9.75
9.75
9.5
9.5
9.375
9.5
9.8125
9.75
9.75
9.5
9.5
9.375
8.625
9
9
8.75
8.25
8.5
9.75
9.75
9.5
10
10.25
9.625
9.5
9.5
9.5
9.5
9.5
9.5
9.5
9.25
9.0313
9.0313
9.125
9
9
9.375
9
8
8.75
8.75
8.625
8.5
8.625
9
8.75
8.8125
8.8125
8.75
8.625
8.5
8.625
8.75
8.625
8.625
8.625
8.5625
8.5625
8.5625
8.5625
8.5625
8.5625
8.5
8.5625
8.75
8.5
8.5
8.5
8.75
8.875
8.875
8.875
8.875
8.875
8.875
8.6875
8.5
8.5
8.5
8.25
8.25
8.25
8.375
8.375
8.375
8.375
8.125
8.125
8.125
8
8
8
8.125
8.125
8.125
8.25
8.125
8.125
8
7.75
8
8.25
7.875
7.875
7.875
8.1875
8.875
8.75
9.125
9.375
9.125
9.125
9.125
9.125
9.125
9.125
8.75
8.5625
8.4375
9.25
9.1875
8.5
8.5
9.125
9.125
9.125
8.75
9.125
9.25
8.875
8.625
8.75
9
9.25
9.125
9
8.625
8.625
8.625
7.5
8.125
8
8
8
8.5
7.9375
8
8
8
7.9375
7.75
8
8
7.5
8
7.875
7.75
7.5
8
8.125
8.5
8.875
9.125
8.6875
8.25
8.125
8.5
8.4375
8
7.875
7.875
8.125
8.4375
7.875
7.875
8.375
8.375
8.375
8
8
8.25
8.25
8.125
7.875
7.875
8
7.875
7.75
7.75
7.5
7.5
7.5
7.5
7
7.25
7
7.0625
7.0625
7
7.25
7.25
6.75
6.75
6.75
6.5
6.5
7.25
7.5
7.25
7
7
7.6875
7.25
7.25
6.5
6.6875
6.75
7.25
6.6875
6.6875
6.75
6.75
6.8125
7.25
6.75
6.875
7
7
7
7
6.875
6.9375
6.875
7
6.625
6.5
6.5
6.375
6.375
6.25
6.75
6.125
6.75
6.375
6.75
6.0625
5.75
6
6
5.9375
6.5
6.6875
6.6875
6.6875
6.6875
6.5625
7
7
7
7
7
6.125
6
6
6
5.625
5.75
6.25
5.875
5.9375
6
6.125
6
6.0625
6.0625
6.0625
6.125
6
6.25
6.25
6
6
6
6.125
6.5
6.25
6.5625
6.625
6.5625
6.625
6.625
6
7
7.5
7.625
7.5
7.875
7.9375
8
8
7.875
7.625
8
7.625
7.625
7.5
7.5
8
7.375
7.625
7.625
7.875
8.25
8.1875
8.125
8.5
8
8.625
8.625
8.25
8.25
8.5625
8.875
9
9.25
9.375
9.375
9.375
9.25
8.75
8.75
8.875
9
8.75
8.75
9.1875
9.1875
9
8.875
8.875
8.75
8.75
8.875
8.875
8.75
8.75
8.875
9.25
8.875
8.75
8.75
9.125
9.125
9
8.875
8.75
8.125
8.0938
8.0938
8.0625
8
8.0313
8.0313
8
7.5
7.9375
7.9375
7.9375
8
7.8125
7.9375
8
7.625
8
8
8
8
7.9375
8.125
8.3125
8.375
8.375
8.375
8.375
8.625
9
9.0625
9.25
9.25
9.25
9.25
8.625
8.625
9.25
9
9.25
9
9.125
8.75
9
8.8125
9
9.125
8.9375
9
9.125
9
9.125
9.125
8.75
8.5
9
8.5
8.625
8.625
9
8.875
9.25
9
8.5
8.5
9.125
9.75
9.4375
9.75
9.25
9.75
9.75
10.25
10
10.0625
10.25
10.25
10.5
10.25
10
10
10.0625
11
12
11.5
11.3125
11.625
12
12.5
12.875
13.0625
14.75
13.9375
13.375
13.625
13.5
14
13.9375
13.75
14
13.1875
13.125
13.125
12.625
12.25
12.1875
12.1875
12.5
12.25
12.375
12.375
12.5625
12.375
12.875
13
13
13
12.75
12.375
12.25
12
12.5
12.1875
12.625
13
12.75
12.4375
12.3125
12.25
12.125
12.5
12.25
12.3125
12.5
12.75
13
13.7031
13.8438
13.5469
13.7969
14
13.75
14
14
14
14
13.7969
13.8125
13.9844
14.0156
14
14
14
13.9844
13.8438
13.875
13.2031
12.75
13.0469
13.0469
13.25
13.8438
13.4531
13.4063
13.2031
13.2969
13.5938
13.7969
14.3438
14.4531
14.4531
14.5
14.2813
14
14.0938
14
14
14
14.25
14
14
14
14
14
14.0469
14.0469
14
14.0938
14.5938
14.5938
14.1563
14.5
14.4063
15
15
15.0938
15.0938
16
16.5156
16.0938
16.4063
15.2969
16
16.25
16.25
16.25
16
15.5469
15.9063
16.0938
15.5
16.5
15.9844
16.0938
16.1875
16.1875
16.1875
16.1875
16.1875
16.1875
16.1875
16.1875
16.1875
16.1875
16.1875
16.1875
16.1875
16.1875
16.1875
16.1875
16.1875
16.1875
16.1875
