946879200	52.4375	56.25	50.8438	55.9688	9567800
946965600	54.125	55.3125	50.5938	51.25	9149600
947052000	51.875	55.2813	51.5	52	13898600
947138400	53.0625	53.5	47.5	47.5	13713800
947224800	48.25	50.5	47.75	49.75	8227400
947484000	51	51.125	47.375	48.875	9019000
947570400	47.9688	49.6875	45.25	46.375	7884800
947656800	47.5	47.75	43.25	43.5938	17429800
947743200	47.25	49.375	46.25	48.375	18440800
947829600	50	51.125	49.6875	50.2188	6971000
948175200	50.5	53	50.2188	51.9688	8199600
948261600	52.8125	54.375	51.6875	53.2813	10672200
948348000	57.75	60.75	56.75	56.75	32698800
948434400	57.125	57.125	55.0938	55.6563	8855800
948693600	54.2188	56.375	52.5625	53.125	7872800
948780000	52.5	56.5625	51.1875	56.125	8877600
948866400	55	57.0938	54.875	55.0938	6556400
948952800	54.4063	56.5	53.5	55	6074000
949039200	54.0938	55.4375	50.3125	50.8125	7559800
949298400	50.5	51.9375	47.25	51.875	12530000
949384800	52	52.5	50	50.125	5679200
949471200	50.375	51.0625	48.5	49.4063	8289200
949557600	50.1563	52.125	50.125	51.6563	8485600
949644000	51.9688	55	51.8125	54	7595000
949903200	54	57.125	52.9688	57.0313	7876200
949989600	57	58.0625	55.625	57.4375	7297200
950076000	57.0625	58.5625	56.2188	56.3125	5345800
950162400	56.4375	56.9375	55	56.75	5410400
950248800	56.8125	57.0625	54.125	54.375	3790200
950508000	54.6563	57.9375	54.3125	57.9063	6563200
950594400	57.625	59.9688	57.5938	59.5	8674000
950680800	58.875	59.0625	56.0625	57.0625	6754400
950767200	57.5938	57.75	56.5625	57.4375	5169600
950853600	57.3125	57.6875	55.4375	55.625	4168600
951199200	55.0625	58.4688	53.3438	56.9063	7541000
951285600	56.625	59.5	55.5	58.125	8448200
951372000	58.6563	59.5625	55.875	57.6094	6722000
951458400	57.4063	58.5	55.0625	55.1875	4449000
951717600	55.0625	57.5	54.1875	56.625	5863000
951804000	56.7813	58.625	56.2813	57.3125	6588600
951890400	59.2813	66.0313	59.25	65.1563	19232200
951976800	63.5	63.9688	60.3438	61	5558200
952063200	62.4375	64.125	60	64	5774400
952322400	63	64.5625	62.5	62.8438	3760000
952408800	63.2188	63.7188	60.5625	61.4375	4875200
952495200	61.4375	61.9688	59.2813	61	4843400
952581600	60.4375	62.5	59.125	61.125	4941400
952668000	60.8438	63.9688	60.5	62.875	4439400
952927200	61.0625	63.25	59.75	60.6563	5427800
953013600	60.6094	62.125	57	57.125	7653200
953100000	57.8125	60.125	57.0625	58.125	7921600
953186400	58.6563	61	57.25	60.7813	6751800
953272800	60.0625	62.5	59.8125	62.5	5447200
953532000	61.75	63.125	61.1875	61.5	3651600
953618400	61.2813	68.375	60.8125	67.4688	9363000
953704800	66.3906	72.1875	65.7813	72.0938	10142800
953791200	71	75.1875	70	70.6563	10045800
953877600	71.2188	71.9688	67.75	69.3438	7980600
954136800	68.8125	72.375	68.4375	69.7813	4985400
954223200	68.625	71	68.5625	69.5625	3624400
954309600	69.6875	69.7188	66.9219	67.9688	4282800
954396000	66.7813	68.8438	62.7188	62.875	7400000
954482400	63.7188	68.625	63	67.9063	7225600
954738000	67.75	69.75	64.7188	66.6563	5867200
954824400	66.3125	66.5	58.375	63.6563	11791600
954910800	63.2344	66.4375	62	65.1875	8172600
954997200	65.3125	67.25	61.625	62.5938	4636200
955083600	63.625	65.9375	62.75	65.875	4329200
955342800	65.8438	66.375	62.375	62.5	3790400
955429200	61.75	62.4375	59.0313	59.7188	9675400
955515600	59.5	59.5	52.4375	54.625	16806000
955602000	55.75	60	54.25	56.9063	9461200
955688400	54.6563	59	54.5	55.9375	11921800
955947600	54.75	61.9688	54.5313	61.9375	7313600
956034000	61.75	63.4375	59.6875	63.4375	6980800
956120400	63.0938	65.125	59.875	60.5625	9288400
956206800	61.8438	62.375	58.5313	59.4375	12895000
956552400	57.5	60.25	57.375	60.25	7921800
956638800	61.0625	64.375	61.0313	64.1563	6993600
956725200	63.3125	64	60	60.6563	6552000
956811600	58.5938	63.5	58.2969	63.375	5832200
956898000	63.5625	63.75	60.6563	62.0313	4456800
957157200	62.4375	62.5625	60.9375	62.1563	4039200
957243600	61.625	63.125	58.75	58.9375	4222000
957330000	59.4688	60.625	55.8125	57.5313	8746400
957416400	57.5625	57.625	55.2813	55.3438	7134200
957502800	55.4063	57.375	55.3594	56.5625	5072800
957762000	56.0469	56.8438	55	55.0625	3301800
957848400	55.1563	55.625	52.4375	52.7188	5841800
957934800	52.0313	52.5	49.375	49.6563	9555200
958021200	50.6875	52.125	49.5	51.4063	8924000
958107600	53	55.25	52.3906	53.8125	5480600
958366800	54.0313	54.0313	50.0625	50.5	12123800
958453200	52.2656	54.5313	51.375	52.8438	7865200
958539600	51.8125	51.8438	50.1875	50.6875	7108800
958626000	51.5	52.4688	50.3125	50.375	6674600
958712400	49.625	49.625	46.6875	47	13226200
958971600	46.875	46.875	43	44.9688	13491200
959058000	45.25	46.6875	42.8125	42.9063	9242600
959144400	43.0938	44.875	41.5	43.8438	12115400
959230800	44.25	46.3281	43	43.6406	7263400
959317200	44	44.9375	42.625	43.1875	3234800
959662800	43.8125	44.0625	40.875	43.7813	12733200
959749200	43.4375	45.625	41.9063	42	7741200
959835600	40.875	44.7813	40.1875	44.5625	16140000
959922000	46.875	49.875	44.5	46.2813	14158000
960181200	46.6563	47.625	44.8438	45.6563	5779800
960267600	45.9844	48.375	45.1563	46.4375	9383600
960354000	46.8125	48.5	45.8125	48.2813	6018200
960440400	48.8125	49.25	46.5625	47.4063	4259400
960526800	48.375	48.9688	47.1875	47.875	4506400
960786000	48.1875	48.2188	45.4375	45.5938	5184600
960872400	45.5938	47.3438	44.0938	47.25	6276000
960958800	47.3438	48.125	45.0625	45.2188	4954400
961045200	45.625	46.6875	44.5	46.1875	4438800
961131600	46.75	46.875	44.5313	45.5938	5420800
961390800	45.2813	48.9375	44.9063	48.3125	7035800
961477200	49.25	51.9688	49.1875	50.625	8953400
961563600	25.25	28.4688	25.1563	27.8125	17500000
961650000	27.875	28.8125	26.7813	26.875	16704000
961736400	26.8906	27.3125	25.4063	25.8438	7320200
961995600	26.25	27.375	26.0625	27.0625	6619800
962082000	26.8906	27.75	25.8125	25.875	7266800
962168400	26.6563	27.6875	25.75	27.2188	10229600
962254800	26.5313	26.9688	25.5313	25.625	7273600
962341200	26.4063	27.4688	25.8438	26.1875	11539200
962600400	26.0625	27.1563	26.0625	26.6563	2529600
962773200	26.625	27.5938	25.375	25.8125	9472000
962859600	26.25	26.4688	24.8125	25.9063	11055200
962946000	26.2969	27.4063	26.0625	27.2188	9414400
963205200	27.0469	29.125	26.875	28.5625	14207000
963291600	28.5	29.625	27.7188	28.4688	12782000
963378000	29.0625	29.4688	28.1875	29.4375	8051200
963464400	29.25	30.3125	27.375	28.25	15916400
963550800	28.5625	29.5	28.4375	28.8438	6795600
963810000	29.125	29.4063	28.5625	29.1563	9285800
963896400	29.25	29.4375	28.4375	28.625	11371600
963982800	27.5938	28.4063	25.875	26.3438	16352600
964069200	27.5	28.5313	27.0625	27.5625	16627600
964155600	27.1875	27.8125	26.4688	26.7813	7008400
964414800	26.2813	26.4375	23.75	24.3438	14720400
964501200	25.1563	25.3125	24.5313	25.0313	7557400
964587600	24.9219	25.625	24.625	25.0313	7516800
964674000	25	26.625	24.9375	26	10535200
964760400	26.1406	26.25	23.4375	24.1563	8496200
965019600	24.5781	25.8125	24.375	25.4063	5546400
965106000	25.1563	25.5781	24.625	24.6563	4903000
965192400	24.5	24.9688	23.5938	23.625	5798400
965278800	22.7813	24.0313	22.125	24	12139200
965365200	24.7344	25.625	23.1563	23.6875	9397200
965624400	23.9375	24.5313	23.5938	23.9688	6691000
965710800	23.9688	24	23.1563	23.375	6309800
965797200	24.0625	24.2188	23.625	23.75	13558600
965883600	24	24.2188	23.6875	23.7813	8989800
965970000	23.4219	24	22.7813	23.8438	8502000
966229200	23.7969	23.8438	23.1563	23.5313	5595000
966315600	23.625	23.9688	23.25	23.3438	4078600
966402000	23.4375	24.5	23.4063	24.25	5131200
966488400	24.1875	26.2188	24.1563	25.7188	9675000
966574800	25.6875	25.9063	24.9375	25	6792000
966834000	25.125	25.7813	24.8125	25.25	4802400
966920400	25.3125	26.4063	25.1875	25.8438	9885800
967006800	25.7344	27.375	25.5313	27.1563	8459400
967093200	27.3438	28.3125	26.6875	28.0625	11098800
967179600	28.25	28.75	28.1875	28.4063	11945000
967438800	28.625	29.5	28.5313	29.0313	12821600
967525200	28.9375	29.7188	28.8438	29.5938	9536800
967611600	29.5	30	29.3594	29.75	10192600
967698000	29.4844	30.75	29.4688	30.4688	14985600
967784400	30.6563	31.8125	30.5625	31.7188	9174000
968130000	31.3281	32.0625	31.125	31.2188	10665800
968216400	30.6875	31.1875	28.875	29.2188	12693000
968302800	29.5625	31.2813	29.125	31	7766600
968389200	30.8125	30.8125	29.25	29.4375	6982800
968648400	29.3438	30.1875	29.0625	29.2188	6692200
968734800	28.6719	30.0313	28.5	28.875	6714200
968821200	28.375	29.75	28.375	29	10928000
968907600	29.2813	29.8125	28.4063	28.4375	15234000
968994000	28.875	29.0938	27.125	27.625	14089800
969253200	27.625	30.375	27.5313	30.3281	15162000
969339600	29.875	30.25	29.2813	29.9688	9696800
969426000	29.7031	30.7188	29.2813	30.5313	8121000
969512400	29.25	29.8125	27.625	28.3438	18231800
969598800	25.1563	26.2188	25	26.0938	25953600
969858000	26.375	27.75	26.0313	26.75	15555400
969944400	26.6563	27.375	25.6875	25.7188	10390600
970030800	25.875	26.375	24.125	24.4688	14366400
970117200	24.6563	26.9063	24.0625	26.75	34985200
970203600	28.1875	29	25.375	25.75	132529300
970462800	26.6875	26.75	23.5	24.25	43299800
970549200	24.9375	25	22.1875	22.3125	36395000
970635600	22.375	23.75	21.875	23.625	26179000
970722000	23.5	24.5	22	22.0625	15589400
970808400	22.6875	22.9375	21	22.1875	10940300
971067600	22.625	22.875	21.125	21.75	10670800
971154000	21.625	22.4375	20.5	20.875	12341100
971240400	20.125	21	19.125	19.625	21400400
971326800	20.3125	20.8125	19.5	20	21269000
971413200	20.25	22.125	20	22.0625	22281300
971672400	22.3125	23.25	21.375	21.5	14646000
971758800	21.6875	21.9375	19.6875	20.125	10745000
971845200	19.4375	21.0625	18.75	20.125	14897600
971931600	19.1563	19.8125	18.3125	18.9375	26905800
972018000	19.0625	20.375	18.9375	19.5	14129700
972277200	20.2656	20.5625	19.4375	20.375	9844500
972363600	20.6875	20.875	18.8125	18.875	14365200
972450000	19.0625	19.1875	18.4375	18.5	11856600
972536400	18.8125	18.875	17.5	18.5	12890200
972622800	18.875	19.1875	17.875	18.5625	13294700
972885600	19.125	19.9375	18.75	19.3125	11414100
972972000	19.75	20.25	19.25	19.5625	15819300
973058400	19.4375	20.875	19.4375	20.5	10274400
973144800	21.125	22.4375	21.0625	22.3125	10548100
973231200	23	23	21.9375	22.25	9211100
973490400	22.4375	22.625	20.875	21.4375	7026400
973576800	21.5	21.8125	20.8125	21.3125	5392200
973663200	21.375	21.4375	19.8125	20.0625	7537300
973749600	19.875	20.5	19.0625	20.1875	8514900
973836000	19.3594	19.875	19.0625	19.0625	7540200
974095200	18.75	20	18.25	19.375	7711000
974181600	19.9375	20.5	19.5625	20.25	7303600
974268000	20.0313	20.1875	19.25	19.875	5042100
974354400	19.5	19.8125	18.875	19	4274500
974440800	19.1875	19.25	18.25	18.5	7967500
974700000	18.5938	19.5	18.25	18.9375	7286900
974786400	19.1875	19.5	18.75	18.8125	5392000
974872800	18.8125	19.125	18.375	18.5	5009500
975045600	18.8594	19.5	18.8125	19.3125	2873800
975304800	19.875	19.9375	18.5	18.6875	4621300
975391200	18.6875	19	17.9375	18.0313	4805800
975477600	18.0938	18.3125	17.25	17.5625	8788400
975564000	16.6875	17	16.125	16.5	14457100
975650400	17	17.5	16.8125	17.0625	6887600
975909600	17.1875	17.1875	16.4375	16.6875	6634300
975996000	16.9375	17.4375	16.375	17	10963900
976082400	14.625	15	14	14.3125	24544000
976168800	14.4375	14.875	14	14.3125	7302100
976255200	14.8125	15.3125	14.4375	15.0625	7779000
976514400	15.1875	15.375	14.875	15.1875	5937700
976600800	15.25	16	15	15.375	6897500
976687200	15.5625	15.5625	14.875	15	6158700
976773600	15.0313	15.25	14.4375	14.4375	4702100
976860000	14.5625	14.6875	14	14.0625	9177600
977119200	14.5625	14.625	13.9375	14.25	5818000
977205600	14.375	15.25	14	14	6678700
977292000	13.7813	14.625	13.625	14.375	10095200
977378400	14.25	15	13.875	14.0625	6550800
977464800	14.125	15	14.125	15	5679500
977810400	14.875	15	14.25	14.6875	3871700
977896800	14.3438	14.8125	14.1875	14.8125	5811900
977983200	14.375	14.9375	14.3125	14.8125	5449600
978069600	14.6875	15	14.5	14.875	11256000
978415200	14.875	15.25	14.5625	14.875	8077000
978501600	14.5	16.6875	14.4375	16.375	14590600
978588000	18.1406	18.5	16.8125	17.0625	13203500
978674400	16.9375	17.375	16.0625	16.375	7363500
978933600	16.9375	16.9844	15.9375	16.5625	6673200
979020000	16.8125	17.6406	16.5625	17.1875	10516600
979106400	16.6875	17	16.0625	16.5625	10371100
979192800	16.25	18.5	16.25	18	14352400
979279200	17.875	18	17.0625	17.1875	7560300
979624800	17.4375	18.25	17	17.125	5466400
979711200	17.5625	17.5625	16.5	16.8125	15015600
979797600	17.8125	18.75	17.625	18.6875	21910900
979884000	19.4375	19.5625	18.6875	19.5	13869000
980143200	19.0625	19.625	18.4375	19.25	9273700
980229600	19.3125	20.9375	19.0625	20.5	15705900
980316000	20.625	20.6875	19.5625	20.5	12805200
980402400	20.5625	20.5625	19.75	19.9375	8744800
980488800	19.5	19.8125	19.0625	19.5625	8621800
980748000	19.5625	21.75	19.5625	21.6875	15277300
980834400	21.5625	22	20.875	21.75	12364700
980920800	21.5	22.5	21.4375	21.625	13048300
981007200	20.6875	21.5	20.5	21.125	6601700
981093600	21.125	21.9375	20.5	20.625	7631100
981352800	20.5	20.5625	19.75	20.1875	5109200
981439200	20.1563	21.3906	20	21.125	8262700
981525600	20.6563	20.875	19.8125	20.75	7033700
981612000	20.5625	21.0625	20.1875	20.75	10788000
981698400	20.5	20.8125	18.6875	19.125	10537200
981957600	19.0625	20	18.8125	19.6875	4895000
982044000	19.9375	20.4375	19	19.125	4233400
982130400	19.1875	19.625	18.5	19.5	5520000
982216800	19.6875	20.5625	19.6875	20.0625	5561000
982303200	19	19.5	18.75	19	4712700
982648800	19.1875	19.4375	18.1875	18.3125	5623100
982735200	18.25	19.9375	18.25	18.875	6968900
982821600	19.0625	19.375	18	18.8125	7713600
982908000	18.625	18.875	18.25	18.8125	5247600
983167200	19.0625	19.6875	18.5625	19.5	3686400
983253600	19.2813	19.4375	18.6875	19.375	6223500
983340000	19.375	19.4375	18.125	18.25	9075600
983426400	17.8125	18.75	17.1875	18.75	5901100
983512800	18.3125	20.4375	18.25	19.25	7253600
983772000	19.375	20.5	19.25	20.375	5788800
983858400	20.7188	22.0625	20.6875	21.5	13067900
983944800	21.3125	21.625	20.75	21.25	7491800
984031200	20.6875	21.125	20.4375	20.8125	3658200
984117600	20.625	20.6875	20	20.25	5341700
984376800	19.6875	19.875	18.125	18.625	6982500
984463200	18.875	19.5625	18.1875	19.5625	7916600
984549600	18.5	20.5	18.4375	20.4375	8531700
984636000	20.875	21.375	19.6875	19.6875	9452100
984722400	19	20.3125	18.875	19.625	8398500
984981600	19.75	20.625	19.5	20.5625	6357300
985068000	20.7188	20.9375	19.6875	19.6875	8914400
985154400	19.7813	20.875	19.375	20.125	6631700
985240800	20.375	21.75	20.1875	21.625	12916100
985327200	22.0625	23.5625	22	23	16873000
985586400	23.125	23.75	21.125	21.7813	13115200
985672800	21.9375	23.0469	21.9063	22.875	9711100
985759200	22.0781	22.5	21.5	22.1719	10440400
985845600	21.7656	23.4531	21.5	22.5313	10947600
985932000	22.5469	22.7188	21.3438	22.0625	7149100
986187600	22.0938	22.6563	21.4063	21.5938	6087700
986274000	21.3594	21.4063	20.125	20.2344	6583700
986360400	19.7656	20.25	18.75	19.5	12240800
986446800	20.5938	22.5	20	20.875	7977900
986533200	20.7969	21.0469	19.9063	20.5938	5801600
986792400	20.6875	21.3438	20.0625	20.5469	4760400
986878800	20.9063	22.7031	20.7813	22.0469	8167400
986965200	22.9844	23	21.2813	21.7969	5966000
987051600	21.4219	23.0156	21.1563	22.4219	5338100
987397200	22.0938	22.4063	20.8594	21.4375	5093300
987483600	21.2031	21.2031	19.5938	20.4063	12235700
987570000	21.5625	24.0781	21.0781	22.7969	19657900
987656400	25.5469	25.75	23.5938	25.7188	33458400
987742800	24.9375	25.625	24.5938	25.0469	12382200
988002000	24.3438	25	24	24.25	9670100
988088400	24.3281	24.75	23.5156	24.0313	6734600
988174800	24.2031	24.8594	23.5625	24.7188	5906800
988261200	25.1719	26.0938	24.6875	24.6875	14280300
988347600	25.2031	26.2969	24.75	26.2031	8089500
988606800	26.7031	27.125	24.875	25.4844	8835300
988693200	25.4063	26.5	25.2031	25.9375	7629500
988779600	26.3438	26.7031	25.7656	26.5938	6580800
988866000	25.9688	26.25	24.7344	24.9531	5384700
988952400	24.2344	25.8438	23.9531	25.75	5018800
989211600	25.625	25.7656	24.8438	24.9531	4938400
989298000	25.3438	25.4531	23.9531	24.5625	5632800
989384400	24.1406	24.5469	23.6719	23.9844	5801600
989470800	24.2031	24.5	22.9531	23	5160300
989557200	23.0156	23.4844	22.7656	22.8438	3625800
989816400	22.8906	23.6875	22.75	23.2969	5521800
989902800	23.375	25.5	23.0469	23.1875	4232600
989989200	23.2656	24.5	22.8438	24.0938	5755900
990075600	24.2344	24.3281	23.25	23.5469	5930700
990162000	23.3594	23.6406	23.125	23.5313	2840200
990421200	23.625	23.9063	23.0469	23.5625	8232100
990507600	24	24.125	23.4063	23.5	7373500
990594000	23.75	23.75	22.8594	23.2344	5018600
990680400	23.2969	23.2969	22.625	23.2031	4852800
990766800	23.2031	23.2969	22.5	22.7656	2834700
991112400	22.3125	22.5	20.8125	21.4688	9214100
991198800	20.7656	20.7656	19.2969	19.7813	13876400
991285200	19.7969	20.2344	19.4844	19.9531	7908800
991371600	20.125	21.0938	19.9844	20.8906	8144200
991630800	21.0781	21.1094	20.4531	20.6563	5034300
991717200	20.7969	21.0938	20.3438	20.9375	8424900
991803600	20.9375	20.9375	20.3281	20.7344	3985300
991890000	20.7031	21.7031	20.4531	21.6563	5806800
991976400	21.6563	21.6563	20.7031	21.3125	6118300
992235600	21.0469	21.0625	19.9531	20.0469	5250000
992322000	19.7656	20.6875	19.7656	20.3125	5424900
992408400	21.4219	21.7344	20.0625	20.4688	9133700
992494800	20.0469	20.4531	19.7656	19.875	5309800
992581200	20.0938	20.75	19.3438	20.4375	8118300
992840400	20.4063	20.8438	20	20.3281	6177000
992926800	20.8438	21.4063	20.0156	20.1875	5733700
993013200	20	21.8438	19.9844	21.6719	7707500
993099600	21.5469	23	21.0938	22.4844	6095200
993186000	22.4844	23	21.7656	22.2656	5107600
993445200	22.5	24	22.4531	23.9844	7849100
993531600	23.3438	23.7656	23.0156	23.75	4871100
993618000	23.8281	24	22.5	23.3438	6680900
993704400	23.0469	23.9063	22.9375	23.5469	6221600
993790800	23.6563	25.0938	23.2031	23.25	9203400
994050000	23.6406	24.2344	23.1406	23.9063	4108000
994136400	23.5156	24.1875	23.5	23.8438	2009700
994309200	23.5938	23.7656	23.0156	23.1875	2719500
994395600	22.7656	22.9531	21.7188	22.0313	5409300
994654800	22.0938	23	21.6875	22.7031	6026200
994741200	22.9531	23.0625	20.8438	21.1406	7058400
994827600	21.0313	22.5469	21	22.5469	8401900
994914000	23.2969	24.8125	23.2969	24.3594	10978600
995000400	24.125	25.0156	23.8438	24.8438	8120400
995259600	24.875	25.0938	23.9063	23.9531	4976200
995346000	23.9844	25.2188	23.0156	25.0938	11568400
995432400	21.7813	22.7813	20.4219	20.7969	20303800
995518800	21.2344	21.4219	19.75	19.9531	15377500
995605200	19.7031	20.0625	19.4844	19.9844	7939000
995864400	20.0938	20.5	19.5156	19.5469	4310000
995950800	19.3906	19.9219	18.7344	19.0938	6221000
996037200	19.125	19.2969	17.9688	18.4688	7926400
996123600	18.4844	18.7969	17.8438	18.5938	6591800
996210000	18.75	19.25	18.5	18.9531	5966700
996469200	19.125	19.3594	18.5156	18.9375	4345700
996555600	19.2656	19.4219	18.5156	18.7969	4196900
996642000	19.0156	19.7813	18.9531	19.0625	5431000
996728400	19.6563	19.875	19.2656	19.8125	4501600
996814800	19.8906	19.9063	19	19.5	3322400
997074000	19.0469	19.6563	19	19.125	1779500
997160400	19.3281	19.6719	18.9844	19.25	3009800
997246800	19.2656	19.7031	18.5469	18.9063	4931600
997333200	18.9531	19.1563	18.7188	19.0469	3583300
997419600	19.0469	19.3125	18.5938	19.0156	3338600
997678800	19.0938	19.3281	18.7656	19.0938	2642800
997765200	19.2031	19.3594	18.6719	18.7344	4088400
997851600	18.7656	18.9375	18.2031	18.4375	5165700
997938000	18.2656	18.75	17.9688	18.6563	5144500
998024400	18	18.4531	17.9844	18.0625	3721900
998283600	18.1406	18.2344	17.8125	18.125	4505400
998370000	18.1406	18.1406	17.7031	17.9219	3316100
998456400	17.9375	18.25	17.6094	18.2031	3106700
998542800	18.2031	18.3438	17.5781	17.8125	3876400
998629200	18	18.625	17.6563	18.5625	5184500
998888400	18.5938	19.2969	18.1563	18.9219	3136500
998974800	18.9063	19.1406	18.4063	18.4063	3066700
999061200	18.4375	18.8281	17.8281	17.8281	4285200
999147600	17.7344	18.1875	17.2813	17.8281	6583800
999234000	17.7344	18.5938	17.6563	18.5469	3873300
999579600	18.5	19.0781	18.1875	18.25	6218100
999666000	18.2344	18.9531	18.125	18.5469	6429600
999752400	18.4063	18.9375	17.6563	17.7188	5042300
999838800	17.5	18.0938	17.2031	17.2813	4318400
1000098000	17	17.5	16.9219	17.375	5515100
1000702800	16	17.0625	15.7344	16.9844	8178700
1000789200	16.9063	17.7188	16.1719	16.2813	5841100
1000875600	16.5	17.0938	15.5938	17.0156	6666400
1000962000	16.2969	16.9531	15.5	15.6875	7342400
1001048400	14.7969	16.25	14.6875	15.7344	10187800
1001307600	16.1094	16.8438	15.9531	16.4531	5259600
1001394000	16.1406	16.2188	15.3438	15.5469	6685800
1001480400	15.8125	15.8906	14.9375	15.1563	8817800
1001566800	15.25	15.75	15.2031	15.5156	5754300
1001653200	15.7031	15.9063	15.3906	15.5156	6519800
1001912400	15.4844	15.9844	15.2344	15.5469	3718000
1001998800	15.4375	15.8281	14.875	15.0469	4212200
1002085200	14.9531	15.3594	14.8281	14.9844	12197200
1002171600	15.3438	16.25	14.9844	15.875	7162900
1002258000	15.4063	16.1563	14.9844	16.1406	6119400
1002517200	15.5625	16.3438	15.5	16.2031	3714000
1002603600	16.0469	16.2031	15.625	16	3107600
1002690000	16.0938	16.8438	15.9531	16.8125	5495700
1002776400	16.9219	17.7344	16.8438	17.7344	5967200
1002862800	17.3125	18.0781	16.8594	18.0156	5139500
1003122000	17.9531	18.375	17.9531	17.9844	5692000
1003208400	18.0938	18.2031	17.7656	18.0156	3624100
1003294800	18.3438	18.4063	16.9531	16.9844	5098900
1003381200	17.2969	18.2344	17.2969	18	10938800
1003467600	17.9375	18.4063	17.875	18.2969	2978400
1003726800	18.2031	19.0625	18.0938	19.0156	6998900
1003813200	19.125	19.4219	17.875	18.1406	12231800
1003899600	18.0625	19.0938	17.75	18.9531	6686200
1003986000	18.4375	19.25	18.1563	19.1875	4552700
1004072400	18.8594	19.25	18.625	18.6719	4981500
1004335200	18.5625	18.6719	17.5938	17.625	4271100
1004421600	17.375	18	17.0625	17.5938	4942200
1004508000	17.7344	18.4063	17.4375	17.5625	4888400
1004594400	17.6563	18.7813	17.25	18.5938	5589200
1004680800	18.5156	18.8594	18.1563	18.5625	3521500
1004940000	18.8438	19.25	18.6094	19.0625	4210600
1005026400	18.9531	19.625	18.5313	19.5625	5643200
1005112800	19.4531	20.125	19.3281	19.5938	6839100
1005199200	19.625	19.9063	18.5625	18.7031	6109700
1005285600	18.5938	19.25	18.5469	18.7031	2398100
1005544800	18.6563	19.1719	17.9531	18.75	3598200
1005631200	19.0781	19.3906	18.7031	19.375	4012400
1005717600	19.5938	19.9063	19.1563	19.6094	3949300
1005804000	19.4531	19.9063	19.2344	19.4531	3804100
1005890400	19.2813	19.2969	18.4063	18.9688	4119000
1006149600	19	20.0469	18.9531	20	5940600
1006236000	19.8125	20.2031	19.5	19.5313	4939000
1006322400	19.6094	19.7969	19.2656	19.6875	3599700
1006495200	19.7031	19.9531	19.5625	19.8438	1071500
1006754400	19.9375	21.5469	19.875	21.375	8226600
1006840800	21.2031	21.5156	20.5156	21	4793400
1006927200	20.8438	21.2031	20.4063	20.5313	4475200
1007013600	20.5938	20.7031	20.1875	20.4219	3620800
1007100000	20.4688	21.4375	20.25	21.2969	5427000
1007359200	21.0625	21.2813	20.5938	21.0469	3235100
1007445600	21.0469	22.5625	20.7188	22.4063	6794200
1007532000	22.3594	24.0313	22.1719	23.7656	10153200
1007618400	23.4844	23.5	22.1406	22.7813	6052400
1007704800	22.4531	22.7031	22	22.5469	3634200
1007964000	22.2969	22.9844	22.2344	22.5469	3035900
1008050400	22.6719	22.8438	21.6563	21.7813	3669200
1008136800	21.875	21.9219	21.25	21.4844	3436800
1008223200	21.4844	21.5469	20.5	21	3532900
1008309600	20.7344	20.8438	20.0938	20.3906	3390800
1008568800	20.4063	21	20.1875	20.625	3102000
1008655200	20.8906	21.3281	20.2188	21.0156	4200700
1008741600	20.5781	21.6875	20.4688	21.625	5177800
1008828000	21.4063	21.4688	20.625	20.6719	3944000
1008914400	21.0156	21.5469	20.7969	21	4577400
1009173600	20.9063	21.4531	20.9063	21.3594	904100
1009346400	21.3438	22.2969	21.1406	21.4844	2615500
1009432800	21.5781	22.25	21.5781	22.0625	3419800
1009519200	21.9688	23	21.9531	22.4375	5341500
1009778400	22.5156	22.6563	21.8281	21.9063	2460400
1009951200	22.0469	23.2969	21.9531	23.2969	9487700
1010037600	23	23.75	22.7656	23.5781	10942000
1010124000	23.3438	23.9531	22.9844	23.6875	7320400
1010383200	23.7188	24	22.75	22.9063	7937900
1010469600	22.75	23.0469	22.4531	22.6094	8036400
1010556000	22.7969	22.9375	21.2813	21.6563	5854800
1010642400	21.2188	21.4688	20.2656	21.2344	8084600
1010728800	21.3906	21.8438	20.5938	21.0469	6230000
1010988000	21.0156	21.4063	20.9063	21.1563	7434800
1011074400	21.3125	21.7656	21.2031	21.7031	5184300
1011160800	21.4063	21.4063	20.5	20.7813	10129400
1011247200	21.9688	22.7344	21.875	22.4844	11794700
1011333600	22	22.5938	21.9531	22.1719	6066400
1011679200	22.2656	22.375	21.8125	21.8125	5844700
1011765600	21.7969	23.0469	21.5938	23.0156	7915700
1011852000	22.9063	23.5156	22.9063	23.2031	6142900
1011938400	22.8906	23.4219	22.6563	23.25	3319900
1012197600	23.4063	23.5469	22.7188	23.2656	3329400
1012284000	23.2188	23.5469	22.8438	23.0625	4291500
1012370400	23.0625	24.1406	22.9375	24.0938	8419100
1012456800	24.1563	24.7344	24.1094	24.7188	8365100
1012543200	24.3438	24.9531	24.3438	24.4063	7112600
1012802400	24.3125	25.5156	24.2031	25.3438	9328300
1012888800	25.0938	25.9844	25.0781	25.4531	8158700
1012975200	25.5938	25.9844	24.1563	24.6719	10672100
1013061600	24.6563	25.2969	24.0781	24.2969	6211300
1013148000	24.4063	24.6406	23.375	24.0313	6345200
1013407200	23.9375	25	23.7344	24.9844	7117700
1013493600	24.6563	25.0469	24.4531	24.7031	4003000
1013580000	24.7344	25.2344	24.6563	25.0156	5587000
1013666400	25.0469	25.2344	24.375	24.5938	4645900
1013752800	24.5313	24.9844	23.8438	23.9063	4646200
1014098400	23.7656	23.9063	22.4844	22.625	6968700
1014184800	22.7656	23.2031	22.3438	23.125	5097200
1014271200	22.9219	23	21.4531	21.5	7977500
1014357600	21.6563	22.9531	21.5	22.7344	7258500
1014616800	22.8438	24.7188	22.3594	23.8125	7622300
1014703200	23.9063	24.375	23.25	23.6719	4645200
1014789600	23.9375	24.25	20.9375	21.9531	18392900
1014876000	22.1563	22.5938	21.3438	21.7031	8159600
1014962400	21.9375	23.5	21.8125	23.4531	6274700
1015221600	23.2656	24.5781	22.7656	24.2969	6220400
1015308000	24.1563	24.4375	23.4063	23.5313	4905400
1015394400	23.4844	24.3438	22.9375	24.0625	4039900
1015480800	24.0625	24.5313	23.6094	24.375	4611600
1015567200	24.7344	25.0938	24.2969	24.6563	4817400
1015826400	24.5938	25.1406	24.0938	25.0625	4692700
1015912800	24.5156	24.7344	24.0938	24.7188	4536700
1015999200	24.375	24.8438	24.1563	24.4844	3585100
1016085600	24.2969	24.5938	23.875	24.4375	3880300
1016172000	24.4531	24.9531	24.25	24.9531	4301800
1016431200	24.9531	25.0469	24.3125	24.7344	5044000
1016517600	24.6875	25.2969	24.2969	24.8438	4327600
1016604000	24.6563	25.1406	24.5	24.9219	5255700
1016690400	23.8594	24.2969	23.2656	24.2656	11033500
1016776800	24.2188	24.5625	23.875	24.0938	3610600
1017036000	24.0625	24.0938	23.2344	23.3438	4693400
1017122400	23.2031	23.6406	23	23.4531	4604300
1017208800	23.3438	23.7188	23.2656	23.4688	2280400
1017295200	23.7031	23.875	23.4531	23.6719	1936700
1017640800	23.375	24.7031	23.2813	24.4531	3554400
1017727200	24	24.2969	23.875	24.0625	3639200
1017813600	24.0469	24.4844	23.5938	23.75	3830900
1017900000	23.6719	25.0469	23.6719	24.9063	6044600
1017986400	24.9531	25.1875	24.0938	24.7344	4970500
1018242000	24.1563	24.6875	23.7813	24.5625	4671900
1018328400	24.5938	25	24.0156	24.0938	3420200
1018414800	24.2031	24.9531	24.0156	24.6563	4017500
1018501200	25.0313	25.2031	24.75	24.8594	7272600
1018587600	25.0156	25.1719	24.5625	25.0625	5718600
1018846800	25.0625	25.1563	24.7969	25	5345900
1018933200	25.1563	26	25.125	25.7344	10988000
1019019600	25.9375	26.1719	25.375	26.1094	7077200
1019106000	25.5	25.5156	24.875	25.4063	7166900
1019192400	25.4844	25.4844	24.9375	24.9844	6866800
1019451600	24.8438	24.9375	24.2344	24.5313	4811200
1019538000	24.5469	24.7813	24.0938	24.25	4169100
1019624400	24.2969	24.5	23.6875	23.7656	2508000
1019710800	23.5625	24.3438	23.5469	24.125	3467900
1019797200	24.2813	24.375	23	23.0156	5446100
1020056400	23.1563	24.0625	23.0938	23.9531	4862300
1020142800	23.8906	24.375	23.75	24.2656	5017200
1020229200	24.2969	24.2969	23.3594	23.9844	3834000
1020315600	23.8125	24.3438	23.5938	23.6875	4274000
1020402000	23.5625	24.0156	23.4375	23.5156	4122000
1020661200	23.3438	23.5	22.4531	22.6563	4458300
1020747600	22.9375	22.9531	22.1406	22.4688	4335700
1020834000	23.2031	24.5156	23.0469	24.375	7797900
1020920400	24.25	24.3438	23.7969	24.1875	4011000
1021006800	24.2969	24.2969	22.9844	23.3125	4203500
1021266000	23.5156	24.0938	22.9375	23.9375	4743000
1021352400	24.4531	25.6875	24.2188	25.6094	9401900
1021438800	25.375	25.9844	24.8438	25.2813	5996900
1021525200	25.0625	25.4531	24.75	25.2031	4054500
1021611600	25.4844	25.7813	24.6094	25.0156	4223100
1021870800	24.5625	24.9375	24.5313	24.7344	4819900
1021957200	24.8281	25	23.4063	23.4531	5017700
1022043600	23.375	24.375	23.3125	24.3125	5194200
1022130000	24.4531	25.2344	24.0625	25.1875	6596400
1022216400	24.9844	24.9844	23.9531	24.1563	2971600
1022562000	23.6875	24.2031	23.4375	23.9844	2673500
1022648400	23.9219	24.4375	23.4531	23.9844	3960600
1022734800	23.7656	24.375	23.5156	24.2031	3506700
1022821200	24.0938	24.25	23.2813	23.2969	6526700
1023080400	23.3906	23.4531	22.5781	22.9063	4198400
1023166800	22.875	23.0469	22.1875	22.7813	6211100
1023253200	22.8281	22.8906	22.3438	22.7188	4947900
1023339600	22.9531	23.2344	22.0469	22.1563	4644000
1023426000	21.7656	21.9375	20.9375	21.4063	10935300
1023685200	21.4844	21.8438	21.3438	21.4844	4956700
1023771600	21.6406	21.7031	20.4063	20.4531	6241200
1023858000	20.4063	20.75	19.9375	20.0938	9441400
1023944400	20.0156	20.0469	19.375	19.5469	6287200
1024030800	19.2344	20.3594	18.1094	20.0938	7587500
1024290000	20.2344	20.625	19.8438	20.5469	5796600
1024376400	20.4219	20.5938	19.9844	20.1563	6300200
1024462800	17.375	17.5938	16.875	17.125	30579200
1024549200	17.1719	17.5938	16.8438	17.1094	7082800
1024635600	16.9688	17.4844	16.7969	16.8438	7949600
1024894800	16.7656	17.7344	16.7031	17.2656	7713100
1024981200	17.4063	17.6875	16.8594	17.1406	5378900
1025067600	16.7969	17.2969	15.9844	16.5469	9981300
1025154000	16.7969	17.2656	16.4219	17.0625	4494000
1025240400	17.0938	17.8125	17	17.7188	4818900
1025499600	17.7031	17.875	17.0469	17.0625	3976600
1025586000	17.0313	17.1563	16.8281	16.9375	5449800
1025672400	16.8125	17.6875	16.75	17.5469	3554100
1025845200	17.7031	18.75	17.7031	18.7344	2885600
1026104400	18.5156	18.6094	17.6875	18.0156	3771500
1026190800	18.0938	18.2969	17.4531	17.5313	4049100
1026277200	17.7031	18.1719	17.25	17.3125	3694300
1026363600	17.2656	18.3438	16.9688	18.2969	6672800
1026450000	18.5469	18.7969	17.2656	17.5	7919500
1026709200	17.4375	18.5938	16.8125	18.2344	5285700
1026795600	18.1563	18.5625	17.6094	17.8594	7999100
1026882000	16.125	16.2031	15.1875	15.625	21695800
1026968400	15.5	15.5625	14.75	14.9844	9990400
1027054800	14.7031	15.1719	14.5313	14.9531	6878700
1027314000	14.75	15.1875	14.6094	14.9219	7708600
1027400400	14.9063	15.125	14.4375	14.4688	7132300
1027486800	14.3281	15.2188	14.25	15.2031	7270600
1027573200	14.9375	14.9531	14.0156	14.3594	8469400
1027659600	14.4531	14.5313	13.7969	14.3438	3715300
1027918800	14.4844	15.0938	14.375	15.0156	4914500
1028005200	14.8438	15.5156	14.5625	15.4375	6272300
1028091600	15.4063	15.4219	14.9063	15.2656	5589300
1028178000	15.1094	15.4219	14.7344	14.7969	4089600
1028264400	14.7344	15	14.25	14.4531	3213800
1028523600	14.5	14.7031	13.9688	13.9844	3618900
1028610000	14.2031	15.2344	14.0781	14.7344	4826700
1028696400	15.0938	15.3594	14.3438	15.0313	5925300
1028782800	14.7656	15.375	14.7656	15.2969	4064500
1028869200	15.25	15.25	14.75	15	3658600
1029128400	14.9063	15.0156	14.6875	14.9844	3197500
1029214800	14.9063	15.2031	14.5469	14.5938	4747700
1029301200	14.6719	15.3438	14.5469	15.1719	7135600
1029387600	15.2344	15.75	15.0156	15.6094	5762800
1029474000	15.4531	16.0938	15.2813	15.8125	4333500
1029733200	15.7813	16.25	15.7188	15.9844	3866100
1029819600	15.9688	16.0938	15.5313	15.9063	3307900
1029906000	16	16.2344	15.4531	16.125	3563900
1029992400	16.1875	16.25	15.6563	15.9688	4615400
1030078800	15.9063	15.9375	15.4531	15.7344	2903600
1030338000	15.9531	15.9531	15.1563	15.5313	3383700
1030424400	15.7031	15.7344	14.7031	14.8438	4688200
1030510800	14.7969	15.125	14.6563	14.7031	4416300
1030597200	14.6563	15.0781	14.5156	14.7031	2942900
1030683600	14.7344	15.1406	14.5781	14.75	3446100
1031029200	14.4844	14.5469	14.0469	14.0469	4950000
1031115600	14.2031	14.7813	14.1719	14.4844	7505400
1031202000	14.2344	14.3594	14.0469	14.1875	4055100
1031288400	14.5156	14.6563	14.2344	14.375	3227100
1031547600	14.2813	14.5313	14.1563	14.375	2829100
1031634000	14.4063	14.5	14.125	14.3281	4460300
1031720400	14.3438	14.5938	14.1563	14.2969	3619600
1031806800	14.2031	14.5156	14.125	14.1406	4825100
1031893200	14.125	14.3438	14.0469	14.1719	5045000
1032152400	14.1406	14.6094	14.125	14.5	5104200
1032238800	14.5625	15.0313	14.5625	14.7969	7671700
1032325200	14.6875	15.0938	14.5156	15.0156	5877300
1032411600	14.75	14.7969	14.4844	14.5781	3682300
1032498000	14.625	14.9375	14.5156	14.875	6306000
1032757200	14.7656	14.9531	14.4531	14.8438	4716000
1032843600	14.4063	14.8125	14.4063	14.6406	4480900
1032930000	14.6875	15.1719	14.6563	14.9375	4554100
1033016400	15.0938	15.1875	14.5469	14.7031	3731200
1033102800	14.4844	14.8438	14.4844	14.7188	3690000
1033362000	14.4063	14.5625	14.1406	14.5	4113300
1033448400	14.5938	14.5938	14	14.5156	6018400
1033534800	14.3281	14.625	14.0938	14.1719	4102000
1033621200	14.1875	14.5938	14.0625	14.2969	3882300
1033707600	14.3594	14.4063	14	14.0313	3413900
1033966800	13.9688	14.2031	13.7656	13.7656	4378700
1034053200	13.9063	13.9531	13.3594	13.6875	7682500
1034139600	13.5469	13.8438	13.4063	13.5938	6356100
1034226000	13.625	14.2188	13.5781	14.125	5749700
1034312400	14.25	14.7813	14.0938	14.5156	5260000
1034571600	14.5469	14.9844	14.4375	14.7656	3477300
1034658000	15.2188	15.25	14.7813	15.1563	7233800
1034744400	14.8594	15.125	13.9063	14.5625	5489900
1034830800	14.2031	14.3906	13.9844	14.1094	8201400
1034917200	14	14.3438	13.9375	14.3438	5172100
1035176400	14.2656	14.625	14	14.5625	4263200
1035262800	14.4688	14.875	14.2656	14.7031	3902000
1035349200	14.625	14.9844	14.5	14.875	3739500
1035435600	15.0156	15.2031	14.5469	14.6875	3126700
1035522000	14.6875	15.4531	14.5938	15.4219	4987900
1035784800	15.5469	15.9531	15.25	15.6094	6246000
1035871200	15.5625	15.875	14.9531	15.4375	4635500
1035957600	15.4844	16.375	15.4844	15.9844	4846100
1036044000	15.9844	16.4375	15.9219	16.0625	5288900
1036130400	15.9375	16.5	15.8906	16.3594	3395000
1036389600	16.5	17.375	16.3438	16.8906	6739800
1036476000	16.75	16.9688	16.3438	16.9063	3768400
1036562400	17.0781	17.3125	16.7031	17.2188	3873300
1036648800	16.9375	17.0938	15.8125	16	6011500
1036735200	16.0156	16.2031	15.5156	15.8438	3466500
1036994400	15.75	15.8906	15.125	15.1563	2737400
1037080800	15.3125	16.0469	15.2813	15.6406	4122000
1037167200	15.5	16.0625	15.2813	15.5938	4161500
1037253600	15.9063	16.4063	15.7813	16.2969	2537500
1037340000	16.2344	16.2344	15.7656	15.9531	2881500
1037599200	16.1875	16.2031	15.5156	15.6563	2944900
1037685600	15.5469	15.75	15.0156	15.2656	3773600
1037772000	15.2969	15.7031	15.25	15.5313	3733000
1037858400	15.9063	16.4375	15.75	16.3438	7481200
1037944800	16.0938	16.3125	15.9063	16.0156	4078800
1038204000	16.0313	16.1406	15.7031	15.9688	3570000
1038290400	15.8438	15.9063	15.2656	15.4063	4308000
1038376800	15.5938	15.8594	15.4531	15.7188	5126300
1038549600	15.7969	15.875	15.4063	15.5	2565600
1038808800	15.9063	16.0938	15.0156	15.1875	7131900
1038895200	15.2031	15.3438	15.0938	15.1563	4065600
1038981600	15.1875	15.1875	14.5	14.9688	5829000
1039068000	15.0313	15.0781	14.5313	14.625	4352800
1039154400	14.6563	15.1875	14.5156	14.9531	4388800
1039413600	14.9375	14.9531	14.6719	14.75	4221800
1039500000	14.75	15.4531	14.7344	15.2813	5521300
1039586400	15.2969	15.4844	15.0781	15.4844	4538400
1039672800	15.5156	15.5469	15.0156	15.1875	2675700
1039759200	15.1406	15.1563	14.6563	14.7969	2950200
1040018400	14.8125	15.0938	14.6094	14.8438	4503500
1040104800	14.8438	15.1875	14.6563	15.0781	3983300
1040191200	14.7969	14.8594	14.5	14.5625	2700300
1040277600	14.5313	14.9219	14.0938	14.2031	6195800
1040364000	14.2969	14.5625	13.7813	14.1406	5087100
1040623200	14.1563	14.5469	14.125	14.4844	2257400
1040709600	14.4375	14.4688	14.2969	14.3594	704800
1040882400	14.4219	14.8125	14.2813	14.4063	1531800
1040968800	14.3125	14.375	14.0156	14.0625	1434700
1041228000	14.0781	14.1563	13.8438	14.0625	2785300
1041314400	14	14.3594	13.9531	14.3281	3594400
1041487200	14.3594	14.9219	14.3438	14.7969	3255700
1041573600	14.7969	14.9375	14.5938	14.9063	2642400
1041832800	15.0313	15.375	14.875	14.9063	6992700
1041919200	14.7969	15	14.4688	14.8438	6183300
1042005600	14.5781	14.7031	14.4375	14.5469	4108900
1042092000	14.625	14.9219	14.5	14.6875	3855100
1042178400	14.5781	14.8125	14.4844	14.7188	3137200
1042437600	14.9063	14.9063	14.3594	14.625	3203500
1042524000	14.6875	14.8125	14.4844	14.6094	3346000
1042610400	14.5938	14.7031	14.2656	14.4375	6655700
1042696800	14.2031	14.7656	14.2031	14.625	10012400
1042783200	14.5625	14.5625	14.0781	14.0938	4801200
1043128800	14.2031	14.4063	14	14.0156	4536700
1043215200	13.9844	14.1563	13.7969	13.875	3851100
1043301600	14.0469	14.3594	13.9531	14.1719	4086900
1043388000	14.2344	14.2344	13.5625	13.7969	5465900
1043647200	13.6875	14.5	13.6563	14.125	7001300
1043733600	14.2344	14.6875	14.1563	14.5781	5121700
1043820000	14.5469	15.0938	14.2969	14.9375	6675500
1043906400	14.9844	15.0625	14.2969	14.3125	7285000
1043992800	14.1875	14.5469	14.0469	14.3594	6107700
1044252000	14.4063	14.9063	14.3438	14.6563	4745100
1044338400	14.4531	14.6563	14.3125	14.5938	5677800
1044424800	14.7031	14.9375	14.4531	14.4531	3970100
1044511200	14.3594	14.5938	14.2188	14.4375	3208600
1044597600	14.5469	14.5938	14.0625	14.1563	4872000
1044856800	14.2656	14.5625	14.0625	14.3438	3008400
1044943200	14.5	14.625	14.2031	14.3438	2954200
1045029600	14.2656	14.5938	14.2656	14.3906	4093400
1045116000	14.4063	14.6406	14.2344	14.5469	3735300
1045202400	14.6094	14.7188	14.3438	14.6719	4359200
1045548000	14.75	15.2969	14.7188	15.2656	5207600
1045634400	15.0625	15.1563	14.6875	14.8438	4314900
1045720800	14.8438	14.9531	14.7031	14.7656	4015200
1045807200	14.8125	15.0625	14.6563	15	2822000
1046066400	14.8594	15.0313	13.7969	14.7344	3225900
1046152800	14.6875	15.0781	14.5938	15.0156	3379500
1046239200	14.9844	15.0156	14.4844	14.5	3905300
1046325600	14.5625	15	14.5156	14.8594	2768400
1046412000	14.8594	15.0938	14.7656	15.0156	3492100
1046671200	15.0156	15.1563	14.5469	14.6563	3653400
1046757600	14.7344	14.8125	14.4375	14.5625	2265500
1046844000	14.6094	14.7969	14.5156	14.625	2273900
1046930400	14.5781	14.5938	14.4063	14.5625	1757600
1047016800	14.4688	14.7031	14.3125	14.5313	2697700
1047276000	14.5156	14.6719	14.2969	14.375	2411900
1047362400	14.3594	14.4844	14.125	14.2344	2889200
1047448800	14.1719	14.3906	14.0625	14.2188	3990800
1047535200	14.4688	14.7969	14.1719	14.7188	6004200
1047621600	14.6875	15.0156	14.6406	14.7813	2748400
1047880800	14.8906	15.0625	14.7031	15.0156	7157800
1047967200	15	15.0938	14.8125	15	4115800
1048053600	15.0625	15.1563	14.7969	14.9531	2535400
1048140000	14.9375	14.9844	14.5938	14.9063	2922900
1048226400	15.0938	15.1563	14.8125	15	5333100
1048485600	14.6719	14.7969	14.3438	14.375	2887400
1048572000	14.4063	14.8281	14.375	14.5469	2994600
1048658400	14.5469	14.5625	14.2969	14.4063	3184700
1048744800	14.3125	14.7031	14.3125	14.4844	2185600
1048831200	14.4063	14.625	14.375	14.5625	2594700
1049090400	14.3438	14.5313	14.0469	14.1406	4583800
1049176800	14.2031	14.3125	14.0625	14.1563	2756700
1049263200	14.3594	14.6875	14.2656	14.5938	3060200
1049349600	14.5625	14.7031	14.3438	14.4531	2602100
1049436000	14.5156	14.6719	14.3906	14.4063	2672900
1049691600	14.8438	14.9531	14.4063	14.4844	3515500
1049778000	14.5156	14.6563	14.3594	14.4531	2302500
1049864400	14.5156	14.625	14.1406	14.1875	2620200
1049950800	14.2031	14.3906	14.2031	14.375	1951600
1050037200	14.0469	14.4375	12.9375	13.2031	24897100
1050296400	13.7031	13.75	13.5	13.5781	9003900
1050382800	13.5938	13.5938	13.2969	13.3906	5445500
1050469200	12.9844	13.6719	12.9219	13.2344	18173600
1050555600	13.2031	13.25	12.7188	13.125	11020900
1050901200	13.125	13.1875	12.9844	13.1406	2734200
1050987600	13.1875	13.625	13.0938	13.5156	5433200
1051074000	13.5313	13.625	13.375	13.5781	3761900
1051160400	13.5156	13.6094	13	13.4375	5834200
1051246800	13.4531	13.5781	13.2344	13.3438	3678100
1051506000	13.4844	13.9531	13.4375	13.8594	11393800
1051592400	13.9844	14.1563	13.5781	14.0625	8206700
1051678800	13.9375	14.3438	13.8438	14.2188	8193000
1051765200	14.25	14.3906	14	14.3594	6137400
1051851600	14.4531	14.5938	14.3438	14.4531	5744400
1052110800	14.7656	16.875	14.75	16.0938	27811900
1052197200	16.125	17.9063	16.1094	17.5	27088400
1052283600	17.3281	18.2344	17.1094	17.6563	18859500
1052370000	17.7031	18.0625	17.2969	18	12302400
1052456400	18.3281	18.4063	17.875	18.2969	10527700
1052715600	18.1563	18.7344	18.125	18.5625	7508900
1052802000	18.4375	18.9688	17.9531	18.6719	7996700
1052888400	18.8281	18.8438	18.4375	18.5469	6365300
1052974800	18.5938	18.8438	18.4688	18.7344	5113900
1053061200	18.5938	19	18.2813	18.7969	6012300
1053320400	18.5313	18.6563	18.0625	18.0938	7977700
1053406800	18.0938	18.1563	17.5938	17.7969	7441600
1053493200	17.7969	18.0938	17.6719	17.8438	5475100
1053579600	17.8906	18.4063	17.7344	18.2344	3197200
1053666000	18.2031	18.4531	17.9531	18.3125	3698000
1054011600	17.9531	18.9063	17.9063	18.875	5181000
1054098000	18.5	18.6563	18.1563	18.2813	6065800
1054184400	18.2969	18.5	17.9063	18.0938	5960200
1054270800	18.125	18.1875	17.5313	17.9531	6834800
1054530000	18.0938	18.2969	17.2656	17.4531	7474800
1054616400	17.4375	17.6719	17.0156	17.3125	6443900
1054702800	17.2969	17.7969	17.1406	17.5938	4842900
1054789200	17.4531	17.7344	17.3281	17.6406	3672400
1054875600	17.7344	18.0469	17.1406	17.1563	4310600
1055134800	16.9375	17.0469	16.625	16.7969	4642100
1055221200	16.8906	17.2969	16.75	17.1875	3154400
1055307600	17.1563	17.5156	16.8125	17.4531	4019200
1055394000	17.5469	17.875	17.4531	17.7656	4508900
1055480400	17.75	17.9531	17.125	17.4219	3415100
1055739600	17.5938	18.2656	17.4531	18.2656	4262300
1055826000	18.4063	18.5	17.9844	18.1875	3169600
1055912400	18.4531	19.4844	18.3125	19.125	8124800
1055998800	19.3594	19.6094	18.7656	19.1406	6813100
1056085200	19.3438	19.5781	18.9063	19.2031	6323800
1056344400	19.2969	19.6875	18.75	19.0625	5518800
1056430800	19.4688	19.6719	18.7188	18.7813	9200100
1056517200	18.8594	19.4063	18.7031	19.0938	5889600
1056603600	18.7031	19.3125	18.7031	19.2969	2851900
1056690000	19.2969	19.3125	18.4844	18.7344	6532000
1056949200	18.6875	19.2031	18.5938	19.0625	4212800
1057035600	18.875	19.1875	18.5156	19.0938	3232500
1057122000	19.0313	19.4063	19.0156	19.2656	5809000
1057208400	19	19.5469	18.9844	19.125	2460200
1057554000	19.2656	20.1875	19.125	19.875	5184500
1057640400	19.5156	20.5	19.4844	20.4063	4584600
1057726800	20.2031	20.4531	19.8906	19.8906	3819500
1057813200	19.875	19.9375	19.375	19.5781	3061000
1057899600	19.6563	20	19.5313	19.8438	2446600
1058158800	20.0156	20.4063	19.875	19.9063	3364400
1058245200	20.0156	20.2344	19.4375	19.6094	3690200
1058331600	19.9688	20	19.375	19.875	4485100
1058418000	20.1875	20.9531	20.125	20.9063	13429800
1058504400	20.9063	21.1875	20.4063	20.8594	5336400
1058763600	20.6875	20.7969	20.2969	20.6094	3278200
1058850000	20.875	20.9531	20.5	20.7969	3543300
1058936400	20.9531	20.9531	20.4531	20.7969	2554200
1059022800	21.0469	21.5	20.375	20.5156	4093600
1059109200	20.4063	21.5625	20.4063	21.5469	3869400
1059368400	21.5	21.5	20.8594	20.9844	3042200
1059454800	20.9844	21.0781	20.5156	20.7188	3520100
1059541200	20.7656	20.9063	20.1719	20.2813	3099900
1059627600	20.7344	21.3438	20.5625	21.0781	5263800
1059714000	21	21.2656	20.6406	20.7344	2691000
1059973200	20.5313	21.5	20.2813	21.2031	4109200
1060059600	21.3438	21.4063	20.0938	20.375	4454300
1060146000	20.0625	20.1719	19.5	19.625	4383300
1060232400	19.7344	20.0938	19.4219	19.9375	3124400
1060318800	20.1094	20.125	19.5938	19.6406	2461600
1060578000	19.8125	19.9375	19.5156	19.6563	2450500
1060664400	19.7656	19.7969	19.4531	19.7031	2936400
1060750800	19.8594	20.3438	19.5781	20.1875	5073200
1060837200	20.2031	20.3281	19.9375	19.9688	3445500
1060923600	20.0156	20.0625	19.6563	19.7031	2247600
1061182800	19.8594	20.4063	19.7188	20.3438	3456900
1061269200	20.375	20.4531	20	20.3125	2388300
1061355600	20.1875	21.2656	20.1406	21.0156	4880900
1061442000	21.0313	21.7031	20.9531	21.6875	4578500
1061528400	21.8125	22	20.6406	20.875	4469000
1061787600	20.7813	20.9063	20.4844	20.8594	2463100
1061874000	20.75	21.0625	20.3438	21.0469	2945700
1061960400	20.9063	21.4844	20.6563	21.4844	4030400
1062046800	21.3281	22.2188	21.3281	22.1875	5711400
1062133200	22.2031	22.8438	22.0469	22.6094	4699300
1062478800	22.6563	22.9063	22.4063	22.8438	4323900
1062565200	22.7969	23.3125	22.7656	22.9531	4800300
1062651600	23.1563	23.25	22.7656	22.8281	3567500
1062738000	22.7344	23.1563	22.4063	22.5	4288700
1062997200	22.4844	22.7969	22.4688	22.7344	2986600
1063083600	22.5313	22.6719	22.125	22.375	3220900
1063170000	22.25	22.6094	22.1094	22.1875	4015900
1063256400	22.25	22.7969	22.0938	22.5625	3820300
1063342800	22.5156	23.1406	22.3125	23.0938	3214100
1063602000	22.8125	22.9063	22.125	22.2031	4050800
1063688400	22.2031	22.7031	22.2031	22.3594	4810300
1063774800	22.375	22.375	21.8438	22.125	5167800
1063861200	22.0938	22.9844	21.9531	22.875	4516100
1063947600	22.875	23.0469	22.4375	22.5781	3683200
1064206800	22.1875	22.5	21.9219	22.0781	3211100
1064293200	22.0156	22.4531	21.875	22.4375	2374600
1064379600	22.2031	22.3125	21.0781	21.3125	5380000
1064466000	21.3438	21.375	20.25	20.4375	10256800
1064552400	20.2969	21.7031	20.1563	20.6875	6190000
1064811600	21.4844	21.6719	20.6563	21.2969	6530400
1064898000	21.0938	21.2188	20.4375	20.7188	5101400
1064984400	20.7031	21.0938	20.1875	20.7969	4248500
1065070800	20.7969	20.7969	20.2813	20.5625	3677600
1065157200	20.9844	21.8594	20.875	21.6875	5350900
1065416400	21.6719	22.3281	21.5781	22.2969	4791600
1065502800	22.0469	23.4063	21.9063	23.2188	7467400
1065589200	23.25	23.5469	22.7344	23.0625	7654700
1065675600	23.2969	23.6719	22.7969	23.4531	6209800
1065762000	23.5	23.8125	23.375	23.6875	3122100
1066021200	23.7344	24.4063	23.7188	24.3438	4997600
1066107600	24.3125	24.7344	24.1875	24.5469	4918200
1066194000	24.8438	25.0156	24.5781	24.8125	10934100
1066280400	23.7969	23.8438	22.4063	23.25	17422900
1066366800	23.375	23.4844	22.4375	22.75	6469800
1066626000	22.5938	23.3438	22.375	23.2188	4985600
1066712400	23.3125	23.4063	22.75	23.1875	3151000
1066798800	22.9375	23.2031	22.6875	22.7656	2885700
1066885200	22.7344	23.1563	22.5938	22.9844	2956700
1066971600	22.5625	22.8438	22.2344	22.5938	3926000
1067234400	22.75	22.8906	22.4844	22.5938	2893000
1067320800	22.5625	23.7656	22.4063	23.7188	4510100
1067407200	23.5156	23.9063	23.3438	23.6875	4769200
1067493600	23.9844	24	22.875	23.0938	4652800
1067580000	23.2969	23.3438	22.7813	22.8906	3895500
1067839200	22.8281	23.2969	22.7813	23.1563	5407900
1067925600	23.0625	23.0938	22.5938	22.9063	4450600
1068012000	22.8125	23.125	22.4688	23.0313	5769300
1068098400	22.9063	23.1563	22.6563	23.125	7093100
1068184800	23.1875	23.2344	22.4531	22.5	3752600
1068444000	22.4531	22.6563	21.8438	21.9063	4183400
1068530400	21.9063	22.0156	21.4844	21.5469	3840600
1068616800	21.4844	22.7188	21.4844	22.3281	5380800
1068703200	22.0625	22.5625	21.9219	22.4219	3805500
1068789600	22.4844	22.6094	21.2813	21.4531	4235100
1069048800	21.3438	21.375	20.9531	21.125	4076000
1069135200	21.2031	21.3438	20.3438	20.4063	4792300
1069221600	20.5625	20.6563	20.2656	20.4219	6154100
1069308000	20.0938	21.0781	20.0938	20.375	4278800
1069394400	20.3438	20.5781	19.8438	20.2813	4333000
1069653600	20.5	21.2656	20.4531	21.1563	6818300
1069740000	21.2344	21.25	20.6094	20.6875	4798400
1069826400	20.8906	21.1563	20.25	20.7188	4377300
1069999200	20.7813	21.0625	20.5156	20.9063	1358800
1070258400	21.0469	21.8438	21	21.7031	6456500
1070344800	21.5938	21.9063	21.4063	21.5469	3941600
1070431200	21.5469	21.8438	20.9531	21.0313	3431800
1070517600	20.9375	21.1719	20.7656	21.1563	3177400
1070604000	20.9063	21.1563	20.7344	20.8438	3324600
1070863200	20.7813	21.0781	20.4063	21.0469	2647300
1070949600	21.1719	21.25	20.4063	20.4531	2413300
1071036000	20.4531	20.6094	19.9531	20.375	4846700
1071122400	20.25	21.3438	20.2031	21.2031	3276600
1071208800	21.3125	21.3125	20.7031	20.8906	3440600
1071468000	21.4844	21.4844	20.0625	20.1719	6945400
1071554400	20.1875	20.4844	20.0156	20.125	6677700
1071640800	20.0781	20.125	19.7969	19.875	4897500
1071727200	19.9063	20.1875	19.9063	20.0469	5910800
1071813600	20.1875	20.4219	19.625	19.7031	8100400
1072072800	19.6563	19.8906	19.25	19.8438	6733200
1072159200	19.9219	19.9531	19.5938	19.8125	5508900
1072245600	19.7188	20.5938	19.6563	20.4063	3169100
1072418400	20.3438	20.9063	20.3438	20.7813	1851600
1072677600	20.9063	21.1563	20.8594	21.1563	4168900
1072764000	21.1875	21.5	21.1563	21.2813	3658100
1072850400	21.3438	21.5313	21.1875	21.375	3115200
1073023200	21.5469	21.75	21.1875	21.2813	2582900
1073282400	21.4219	22.3906	21.4219	22.1719	7053800
1073368800	22.25	22.4219	21.7031	22.0938	9101100
1073455200	22.0938	22.8281	21.9375	22.5938	10481400
1073541600	22.8438	23.7344	22.6563	23.3594	8220200
1073628000	23.2344	24.125	22.7969	23	7641600
1073887200	23.1563	24	23.0938	23.7344	8711300
1073973600	24.7031	24.8438	23.8594	24.125	12126300
1074060000	24.4063	24.5469	23.7813	24.2031	11126600
1074146400	22.9063	23.4063	22.5	22.8438	18184600
1074232800	23	23.0469	22.6094	22.7188	6658600
1074578400	22.6719	22.7969	22.25	22.7344	5642700
1074664800	22.7031	22.9688	22.4375	22.6094	4055000
1074751200	22.5625	22.8281	22.1875	22.1875	3660800
1074837600	22.25	22.7344	22.25	22.5625	4056600
1075096800	22.4531	23.0625	22.4375	23.0156	4844100
1075183200	23.0313	23.25	22.7969	23.0625	5483300
1075269600	22.8438	23.375	22.4063	22.5156	4917900
1075356000	22.625	22.7969	22.1875	22.6875	3798200
1075442400	22.7344	22.875	22.4219	22.5625	3308800
1075701600	22.4531	22.8125	22.0781	22.3125	5148700
1075788000	22.2969	22.4063	22	22.2656	3228800
1075874400	22	22.0938	21.7031	21.7969	5456700
1075960800	21.8125	22.9063	21.8125	22.4219	6300800
1076047200	22.4531	22.8906	22.4063	22.7031	3453400
1076306400	22.625	22.8594	22.5	22.6719	3361700
1076392800	22.625	23.125	22.4375	22.9844	4562300
1076479200	23.0938	23.875	23.0469	23.7969	6225400
1076565600	23.6719	23.9844	23.5938	23.7344	3285500
1076652000	23.8438	24.0938	22.8281	23	5642400
1076997600	23.0938	23.4844	23.0938	23.1563	3052700
1077084000	23.1875	23.4375	23.0469	23.2656	2529200
1077170400	23.3125	23.6406	22.4063	22.4688	5769300
1077256800	22.5	22.5156	22.2031	22.4063	4957200
1077516000	22.4531	22.4531	21.8906	22.1875	3465700
1077602400	22.1406	22.7344	22	22.3594	4626000
1077688800	22.2188	22.9063	22.2031	22.8125	4933500
1077775200	22.8438	23.1875	22.7969	23.0469	3543000
1077861600	22.9531	24.0156	22.9531	23.9219	8373500
1078120800	24.0938	24.2969	23.875	24.0156	5744300
1078207200	24	24.0938	23.7656	23.8125	4583700
1078293600	23.5938	24.1875	23.5938	23.9219	4020200
1078380000	23.9531	25.2188	23.9063	25.1563	11789800
1078466400	24.9531	27.4844	24.9063	26.7344	27511400
1078725600	26.7969	26.7969	25.7969	26	9336900
1078812000	25.9063	27.2344	25.75	27.0938	11042200
1078898400	26.9844	28.1406	26.9375	27.6875	17981500
1078984800	27.2656	28.0469	27.0938	27.1563	10640200
1079071200	27.3125	27.7813	27.1719	27.5625	5879000
1079330400	27.0313	27.3438	26.2656	26.4531	8602100
1079416800	26.5469	26.6094	25.3906	25.8125	10811800
1079503200	25.9531	26.375	25.7813	26.1875	7346900
1079589600	25.9375	26.0625	25.5938	25.6719	5737700
1079676000	25.7031	26.9375	25.5469	25.8594	7296000
1079935200	25.375	26.1719	25.25	25.8594	7482700
1080021600	25.9219	26	25.2188	25.2969	6886800
1080108000	25.2969	25.75	25.2656	25.5	7646600
1080194400	26.0938	26.9063	25.8906	26.875	10115100
1080280800	26.9063	27.3594	26.9063	27.0469	7498000
1080540000	27.4063	27.9844	27.2031	27.9063	6262900
1080626400	27.8594	27.9531	27.3438	27.9219	6423200
1080712800	27.8594	27.9844	26.9531	27.0469	6978000
1080799200	26.9063	27.2656	26.625	27.1094	5605600
1080885600	27.7344	27.9375	27.2344	27.5	4901400
1081141200	27.4844	28.375	27.4375	28.3125	6887900
1081227600	27.7344	28.1563	27.4375	27.8281	4609500
1081314000	27.625	27.7031	26.9219	27.3125	4558800
1081400400	27.9063	28	27.2031	27.5313	4302000
1081746000	27.5	28.0938	27.4844	28.0469	4116700
1081832400	28	28.0313	26.8438	26.9375	7794800
1081918800	26.7344	27.0625	26.3125	26.6406	11627700
1082005200	29	29.5781	28.1563	29.2969	31460000
1082091600	29.0625	29.3125	28.5	29.1875	7195200
1082350800	28.125	28.75	27.8281	28.3438	12720600
1082437200	28.2031	28.4063	27.5625	27.7344	6331500
1082523600	27.5938	28.125	27.375	27.7344	5819200
1082610000	27.5625	28.1875	27.1094	27.7813	6153300
1082696400	27.7031	28	27.0469	27.7031	5642700
1082955600	27.5781	27.6406	27	27.125	4127300
1083042000	27.2344	27.4375	26.6875	26.9375	5069000
1083128400	26.8125	27.0156	26.3438	26.4531	4128000
1083214800	26.4531	27	25.9844	26.7656	8228700
1083301200	26.8906	26.9531	25.4844	25.7813	8330300
1083560400	26	26.3281	25.7344	26.0625	5314800
1083646800	26.0625	26.5469	25.5	26.1406	4999700
1083733200	26.2031	26.75	25.9531	26.6563	4251900
1083819600	26.4063	26.75	25.9063	26.5781	4801600
1083906000	26.5625	27.5625	26.5469	26.6719	7482800
1084165200	26.2656	26.5938	25.9375	26.2813	4463900
1084251600	26.4063	27.1875	26.4063	27.1406	5449500
1084338000	26.7969	27.3438	26.2344	27.2969	4385400
1084424400	27.125	27.7188	26.9063	27.1875	4104500
1084510800	27.1094	27.3125	26.4531	27.0625	4603500
1084770000	26.7031	27.0625	26.3594	26.6406	5365000
1084856400	26.9688	27.2969	26.7969	27.0625	3679700
1084942800	27.4063	27.5	26.4219	26.4688	6709000
1085029200	26.625	27	26.4688	26.7031	3505300
1085115600	26.9063	27.2031	26.7344	27.1094	3212300
1085374800	27.25	27.9063	27.1094	27.3438	4207100
1085461200	27.5	28.5156	27.2969	28.4063	5713900
1085547600	28.3125	28.7813	28	28.5156	5753000
1085634000	28.4844	28.5938	27.8125	28.1719	4213900
1085720400	28.0781	28.2656	27.7969	28.0625	2599900
1086066000	27.7969	28.2031	27.6094	28.0625	3258600
1086152400	28.0313	29.1719	27.7969	28.9219	5691300
1086238800	28.7188	28.9844	28.2969	28.4063	4498500
1086325200	28.5625	29.25	28.5156	28.7813	7126900
1086584400	29.0469	29.9844	28.8125	29.8125	5283500
1086670800	29.9063	30.4375	29.8281	30.3438	7415000
1086757200	30.0938	30.7031	30	30.2031	6235700
1086843600	30.2031	30.9688	30.2031	30.7344	4600500
1087189200	30.6563	30.6875	29.5	30.125	4356900
1087275600	30.2656	31.1406	30.2656	30.6875	7939800
1087362000	30.625	33.3125	30.5313	32.7344	16243700
1087448400	32.7344	33.125	32.2031	32.8125	9955000
1087534800	32.5781	33.4063	32.4375	32.9063	7278100
1087794000	33.125	33.5	32.125	32.3281	6968000
1087880400	32.3125	33.0938	32.2969	33	6437700
1087966800	33	33.8281	32.8906	33.7031	6980700
1088053200	33.6719	33.7031	32.9844	33.1875	4509200
1088139600	33	33.7031	33	33.7031	6182900
1088398800	33.9063	34.1875	32.2031	32.4844	9308500
1088485200	32.0938	32.9844	31.4063	32.5	10545500
1088571600	32.5156	32.9688	31.8906	32.5469	6664200
1088658000	32.0781	32.4844	31.9063	32.2969	6220000
1088744400	30.4531	31.1875	29.7344	31.0781	16262400
1089090000	31.0938	31.4219	30.7969	30.9531	6232800
1089176400	30.8125	31.3594	30.125	30.3906	7107500
1089262800	30.125	30.6875	29.9531	30.1406	4167500
1089349200	30.2656	30.5	30.0313	30.0313	3729600
1089608400	30.0156	30.0469	28.9375	29.1406	9136200
1089694800	29.25	29.5938	29.0156	29.2188	5646700
1089781200	28.9531	29.9688	28.7344	29.5781	15195800
1089867600	32.5469	33.625	32.1094	32.9375	31574400
1089954000	32.9219	32.9219	32.125	32.2031	8721000
1090213200	32.0469	32.2188	31.6563	31.9688	9521500
1090299600	31.9375	32.2031	31.5469	32.2031	5782200
1090386000	32.2969	32.7031	31.3438	31.625	5379700
1090472400	31.3438	31.7344	31.0625	31.6875	5967100
1090558800	31.7031	31.75	30.4844	30.7031	4885000
1090818000	30.8438	31.4531	30.7813	31.2656	7034400
1090904400	31.75	32.75	31.5625	32.4375	7590000
1090990800	32.3125	32.4063	31.1563	32.2656	5090100
1091077200	32.5	32.8125	32.125	32.6406	3967100
1091163600	32.6875	33	32	32.3438	4341200
1091422800	31.2344	32.2031	31.125	31.5781	6519400
1091509200	31.5	31.7188	31.1563	31.2969	3779000
1091595600	31.1875	32.125	31.1719	31.7969	4937300
1091682000	31.75	32.2969	31.25	31.3906	4366300
1091768400	30.9063	31.0938	29.7031	29.7813	8790900
1092027600	29.8438	30.4531	29.8125	30.2969	5193700
1092114000	30.3906	31.5469	30.3438	31.5156	6272900
1092200400	31.0938	31.125	30.2656	31.0156	5757500
1092286800	30.5469	30.8438	30.2813	30.375	4039700
1092373200	30.6563	31.2813	30.4063	30.8438	5857900
1092632400	30.875	31.7188	30.6406	30.7813	7779900
1092718800	30.5938	31.125	30.3438	30.875	5768300
1092805200	30.5156	31.8438	30.4844	31.7344	6511700
1092891600	31.5156	31.8594	30.3594	30.7031	6945500
1092978000	30.75	30.9844	30.4844	30.7969	5656700
1093237200	30.8594	31.2656	30.5938	31.0781	4547400
1093323600	31.2656	31.9531	31.1875	31.9531	6680900
1093410000	31.9063	33.1563	31.7344	33.0469	9032500
1093496400	33.1563	35.1875	32.7344	34.6563	17073300
1093582800	34.6094	34.7656	34	34.3438	6943100
1093842000	34.0156	34.7188	33.9531	34.125	3895300
1093928400	34.0625	34.9531	34	34.4844	6759500
1094014800	34.2969	35.9844	34.1875	35.8594	9211900
1094101200	35.5	35.8125	34.8281	35.6563	7255800
1094187600	35.0313	35.9219	35.0156	35.2344	5241000
1094533200	35.4063	36.1875	35.2344	35.7656	5392100
1094619600	35.7031	36.5625	35.6875	36.3438	6143500
1094706000	36.0938	36.2969	35.2813	35.7031	8240200
1094792400	35.6875	36.2344	35.4531	35.875	5857300
1095051600	35.8594	36.0625	35.3125	35.5938	5053400
1095138000	35.2969	35.5469	34.7813	35.4844	4550300
1095224400	35.2031	35.4844	34.7969	35.2031	4165100
1095310800	35.2031	36.7656	35.0781	36.3438	8962900
1095397200	36.5469	37.375	36.4063	37.1406	9003200
1095656400	36.9063	37.9844	36.875	37.7031	4375200
1095742800	37.7031	38.875	37.4531	38.0156	6904600
1095829200	38.0938	38.1406	36.8125	36.9219	7173000
1095915600	37.0469	37.5	36.9375	37.2656	7097900
1096002000	37.4063	38	37.1563	37.2969	6598000
1096261200	36.9688	37.9844	36.8281	37.5313	7101700
1096347600	37.5	38.2969	37.4531	38.0469	6306900
1096434000	37.9375	38.8594	37.8125	38.6875	4884100
1096520400	39	39.2656	38.4531	38.75	7590200
1096606800	39.125	39.1875	38.5781	38.6719	8311700
1096866000	39.1875	39.1875	38.75	38.7969	10259800
1096952400	38.5625	39.6719	38.4063	39.375	7253200
1097038800	39.5	40.7656	39.4688	40.6406	7970400
1097125200	40.5469	40.9375	39.4531	39.625	7611600
1097211600	39.5469	39.7656	38.8438	39.0625	6416400
1097470800	38.7969	39.0625	38.2031	38.5938	5783900
1097557200	38.5	38.5781	37.6563	38.2969	8217700
1097643600	38.8125	39.7656	38.7344	39.75	21180200
1097730000	43.0313	45.75	42.5469	44.9844	49441500
1097816400	44.875	45.6094	44.1875	45.5	18376100
1098075600	44.7969	47.75	44.7031	47.75	21469400
1098162000	48.0938	48.3438	47.3125	47.4219	14340900
1098248400	47.0938	47.5938	46.6563	47.4688	10997400
1098334800	47.6406	48.125	47.3594	47.9375	12937700
1098421200	47.4063	47.6719	47.0156	47.4063	8648900
1098680400	47.2031	47.8438	47.0625	47.5469	7011500
1098766800	47.4531	48.0469	46.9688	47.9688	10618200
1098853200	48.6563	50.625	48.1719	50.2969	21312400
1098939600	49.9844	52.2188	49.5	52.1875	15434200
1099026000	51.8438	53.2031	51.7969	52.4063	14476400
1099288800	52.5	53.2656	52.0469	52.4531	10768200
1099375200	52.4375	54.0781	52.4063	53.5	13035700
1099461600	54.4375	56.1094	53.9844	55.3125	21504400
1099548000	55.0313	55.5469	54.375	54.4531	16587100
1099634400	54.9063	55	52.0469	54.7188	21521500
1099893600	54.2656	55.4531	53.8594	54.375	9414700
1099980000	54.2031	54.5469	53.375	54.0469	8507700
1100066400	53.9531	55.3906	53.9063	54.75	9084200
1100152800	54.9531	55.4375	54.2344	55.2969	7298000
1100239200	55.0156	55.6875	54.8438	55.5	7066000
1100498400	55.0781	55.4531	54.3438	55.2344	6718400
1100584800	55.1563	55.2031	54.4844	54.9375	5269800
1100671200	55.1875	55.4531	54.2188	54.9063	7120800
1100757600	54.2969	55.4531	54.2969	55.3906	8227000
1100844000	55.4844	56.9063	54.5	55.1719	13668700
1101103200	58.0156	64	57.9063	61.3438	45908900
1101189600	62.2969	62.4531	61.0469	61.2656	16277400
1101276000	61.6875	65.2031	61.5469	64.0469	24852600
1101448800	65.3438	65.7656	64.3438	64.5469	9826100
1101708000	69	69.5625	67.4063	68.4375	30601700
1101794400	68.7969	68.7969	67.0469	67.0469	18379500
1101880800	67.7969	67.9531	66.2656	67.7969	14303200
1101967200	66.125	66.9063	64.6563	65.2031	17669500
1102053600	64.5625	65	61.75	62.6875	22137900
1102312800	64.25	66.2344	62.9531	65.7813	22297900
1102399200	65.9375	66.7344	62.5625	62.8906	18915400
1102485600	63.0781	64.4375	62.0469	63.2813	12355700
1102572000	62.75	64.4063	62.0625	63.9844	13261900
1102658400	65.0313	66.0469	64.7031	65.1563	13855400
1102917600	65.7344	65.9063	64.5938	64.9063	7060600
1103004000	65.3281	65.875	65.0156	65.2969	7429100
1103090400	65.2344	65.4531	64.6563	65.2656	7116900
1103176800	66.2344	67.5	66.0469	66.5938	20128100
1103263200	66.8281	67.0469	64.9063	64.9844	14815300
1103522400	65.4844	66	61.7656	62.7188	20863600
1103608800	63.5625	63.7656	61.5938	63.6875	19036300
1103695200	63.6563	64.3594	63.4063	63.75	10110900
1103781600	63.75	64.25	63.5938	64.0156	4392000
1104127200	64.7969	65.1563	62.875	63.1563	9999400
1104213600	63.2969	64.25	62.0469	64.1875	10929700
1104300000	63.7969	64.9844	63.5625	64.4375	8031900
1104386400	64.8125	65.0313	64.2188	64.7969	6166800
1104472800	64.8906	65	64.0313	64.4063	5058800
